Automatically generated mesh
      85
Reciprocal lattice
    0.00000000000000    0.00000000000000    0.00000000000000             4
    0.03125000000000    0.06250000000000    0.03125000000000             8
    0.06250000000000    0.12500000000000    0.06250000000000             8
    0.09375000000000    0.18750000000000    0.09375000000000             8
    0.12500000000000    0.25000000000000    0.12500000000000            48
    0.15625000000000    0.31250000000000    0.15625000000000             8
    0.18750000000000    0.37500000000000    0.18750000000000             8
    0.21875000000000    0.43750000000000    0.21875000000000             8
    0.25000000000000    0.50000000000000    0.25000000000000            48
    0.28125000000000   -0.43750000000000    0.28125000000000             8
    0.31250000000000   -0.37500000000000    0.31250000000000             8
    0.34375000000000   -0.31250000000000    0.34375000000000             8
    0.37500000000000   -0.25000000000000    0.37500000000000            48
    0.40625000000000   -0.18750000000000    0.40625000000000             8
    0.43750000000000   -0.12500000000000    0.43750000000000             8
    0.46875000000000   -0.06250000000000    0.46875000000000             8
    0.50000000000000    0.00000000000000    0.50000000000000            12
    0.15625000000000    0.18750000000000    0.28125000000000            32
    0.18750000000000    0.25000000000000    0.31250000000000            32
    0.21875000000000    0.31250000000000    0.34375000000000            32
    0.25000000000000    0.37500000000000    0.37500000000000            96
    0.28125000000000    0.43750000000000    0.40625000000000            32
    0.31250000000000    0.50000000000000    0.43750000000000            32
    0.34375000000000   -0.43750000000000    0.46875000000000            32
    0.37500000000000   -0.37500000000000    0.50000000000000            96
    0.40625000000000   -0.31250000000000   -0.46875000000000            32
    0.43750000000000   -0.25000000000000   -0.43750000000000            32
    0.46875000000000   -0.18750000000000   -0.40625000000000            32
    0.50000000000000   -0.12500000000000   -0.37500000000000            96
   -0.46875000000000   -0.06250000000000   -0.34375000000000            32
   -0.43750000000000    0.00000000000000   -0.31250000000000            16
    0.03125000000000   -0.06250000000000    0.15625000000000            32
    0.06250000000000   -0.00000000000000    0.18750000000000            16
    0.28125000000000    0.31250000000000   -0.46875000000000            32
    0.31250000000000    0.37500000000000   -0.43750000000000            32
    0.34375000000000    0.43750000000000   -0.40625000000000            32
   -0.46875000000000   -0.18750000000000   -0.21875000000000            32
   -0.43750000000000   -0.12500000000000   -0.18750000000000            32
   -0.40625000000000   -0.06250000000000   -0.15625000000000            32
    0.40625000000000    0.43750000000000   -0.21875000000000            32
    0.43750000000000    0.50000000000000   -0.18750000000000            32
    0.46875000000000   -0.43750000000000   -0.15625000000000            32
   -0.46875000000000   -0.31250000000000   -0.09375000000000            32
   -0.43750000000000   -0.25000000000000   -0.06250000000000            32
   -0.40625000000000   -0.18750000000000   -0.03125000000000            32
   -0.34375000000000   -0.06250000000000    0.03125000000000            32
   -0.31250000000000    0.00000000000000    0.06250000000000            16
    0.03125000000000   -0.31250000000000    0.40625000000000            32
    0.06250000000000   -0.25000000000000    0.43750000000000            32
    0.09375000000000   -0.18750000000000    0.46875000000000            32
    0.15625000000000   -0.06250000000000   -0.46875000000000            32
    0.18750000000000   -0.00000000000000   -0.43750000000000            16
   -0.46875000000000   -0.43750000000000    0.03125000000000            16
   -0.43750000000000   -0.37500000000000    0.06250000000000            16
   -0.40625000000000   -0.31250000000000    0.09375000000000            16
   -0.34375000000000   -0.18750000000000    0.15625000000000            16
   -0.31250000000000   -0.12500000000000    0.18750000000000            16
   -0.28125000000000   -0.06250000000000    0.21875000000000            16
    0.40625000000000    0.31250000000000    0.40625000000000            16
    0.43750000000000    0.37500000000000    0.43750000000000            16
    0.46875000000000    0.43750000000000    0.46875000000000            16
    0.50000000000000    0.50000000000000    0.50000000000000            16
   -0.34375000000000   -0.18750000000000   -0.34375000000000            16
   -0.31250000000000   -0.12500000000000   -0.31250000000000            16
   -0.28125000000000   -0.06250000000000   -0.28125000000000            16
   -0.25000000000000    0.00000000000000   -0.25000000000000            24
   -0.34375000000000   -0.43750000000000   -0.09375000000000            16
   -0.31250000000000   -0.37500000000000   -0.06250000000000            16
   -0.28125000000000   -0.31250000000000   -0.03125000000000            16
   -0.21875000000000   -0.18750000000000    0.03125000000000            16
   -0.18750000000000   -0.12500000000000    0.06250000000000            16
   -0.15625000000000   -0.06250000000000    0.09375000000000            16
    0.15625000000000   -0.43750000000000    0.40625000000000            16
    0.18750000000000   -0.37500000000000    0.43750000000000            16
    0.21875000000000   -0.31250000000000    0.46875000000000            16
    0.25000000000000   -0.25000000000000    0.50000000000000            24
    0.28125000000000   -0.18750000000000   -0.46875000000000            16
    0.31250000000000   -0.12500000000000   -0.43750000000000            16
    0.34375000000000   -0.06250000000000   -0.40625000000000            16
   -0.09375000000000   -0.18750000000000    0.40625000000000            16
   -0.06250000000000   -0.12500000000000    0.43750000000000            16
   -0.03125000000000   -0.06250000000000    0.46875000000000            16
    0.15625000000000    0.31250000000000   -0.34375000000000            16
    0.18750000000000    0.37500000000000   -0.31250000000000            16
    0.21875000000000    0.43750000000000   -0.28125000000000            16
