Automatically generated mesh
      38
Reciprocal lattice
    0.00000000000000    0.00000000000000    0.00000000000000             1
    0.00000000000000    0.00000000000000    0.06250000000000             2
    0.00000000000000    0.00000000000000    0.12500000000000             2
    0.00000000000000    0.00000000000000    0.18750000000000             2
    0.00000000000000    0.00000000000000    0.25000000000000             8
    0.00000000000000    0.00000000000000    0.31250000000000             2
    0.00000000000000    0.00000000000000    0.37500000000000             2
    0.00000000000000    0.00000000000000    0.43750000000000             2
    0.00000000000000    0.00000000000000    0.50000000000000             4
    0.25000000000000    0.00000000000000    0.06250000000000             6
    0.25000000000000    0.00000000000000    0.12500000000000             6
    0.25000000000000    0.00000000000000    0.18750000000000             6
    0.25000000000000    0.00000000000000    0.25000000000000             6
    0.25000000000000    0.00000000000000    0.31250000000000             6
    0.25000000000000    0.00000000000000    0.37500000000000             6
    0.25000000000000    0.00000000000000    0.43750000000000             6
    0.25000000000000    0.00000000000000    0.50000000000000            24
    0.25000000000000    0.00000000000000   -0.43750000000000             6
    0.25000000000000    0.00000000000000   -0.37500000000000             6
    0.25000000000000    0.00000000000000   -0.31250000000000             6
    0.25000000000000    0.00000000000000   -0.25000000000000            12
    0.25000000000000    0.00000000000000   -0.18750000000000             6
    0.25000000000000    0.00000000000000   -0.12500000000000             6
    0.25000000000000    0.00000000000000   -0.06250000000000             6
    0.50000000000000    0.00000000000000    0.06250000000000             6
    0.50000000000000    0.00000000000000    0.12500000000000             6
    0.50000000000000    0.00000000000000    0.18750000000000             6
    0.50000000000000    0.00000000000000    0.31250000000000             6
    0.50000000000000    0.00000000000000    0.37500000000000             6
    0.50000000000000    0.00000000000000    0.43750000000000             6
    0.50000000000000    0.00000000000000    0.50000000000000             3
    0.50000000000000    0.25000000000000    0.06250000000000            12
    0.50000000000000    0.25000000000000    0.12500000000000            12
    0.50000000000000    0.25000000000000    0.18750000000000            12
    0.50000000000000    0.25000000000000   -0.43750000000000            12
    0.50000000000000    0.25000000000000   -0.37500000000000            12
    0.50000000000000    0.25000000000000   -0.31250000000000            12
    0.50000000000000    0.25000000000000   -0.25000000000000             6